reference:
  x: 1094.91
  y: 8678.16
  z: 6.40476
  roll: 0.0
  pitch: 0.0
  yaw: 1.80764

initial pose:
  x: 1095.009887 
  y: 8676.803978
  z: 6.358902
  roll: 0.032717
  pitch: -0.039596
  yaw: 1.808232